165
240
80
160
70
110
130
120
270
70
230
90
200
180
80
180
320
100
250
740
190
270
210
240
280
220
430
150
190
120
260
80
130
100
260
250
210
380
160
240
160
220
340
80
230
200
750
120
170
130
180
310
330
240
250
220
100
80
180
360
120
250
120
330
899
80
680
340
610
440
230
180
130
90
230
110
500
220
200
470
560
130
200
460
240
790
70
430
200
210
190
400
100
420
330
710
160
340
440
340
270
440
690
560
100
410
250
100
730
340
190
160
250
160
630
230
180
80
300
660
650
630
450
570
80
810
1329
140
1629
800
100
1459
1899
1599
1459
1359
380
240
3708
360
1989
340
260
240
160
560
380
520
140
100
130
500
530
540
879
160
1269
70
480
150
899
330
210
660
280
620
110
480
160
270
420
650
840
390
490
260
660
270
110
130
330
360
1619
420
170
610
120
230
360
350
430
230
90
430
320
340
1279
90
730
150
290
160
690
550
400
220
300
520
510
360
160
370
310
380
560
120
70
100
310
100
120
90
150
530
320
760
80
130
270
300
280
220
410
460
110
220
600
1429
840
100
150
580
490
140
1069
340
200
570
590
130
530
170
280
210
250
90
100
220
140
470
840
540
660
450
640
160
220
500
390
290
150
310
460
630
370
410
290
200
969
280
170
300
350
560
720
210
240
80
100
250
300
170
150
250
260
470
120
440
90
180
230
1389
210
130
510
190
160
380
630
280
320
120
320
1919
100
160
360
640
1069
210
800
80
540
350
190
1169
280
170
360
300
919
270
330
500
530
1409
800
250
110
180
420
180
190
350
180
280
100
110
90
240
90
440
620
170
400
90
80
120
300
210
100
250
190
170
140
70
220
170
180
110
360
210
510
110
340
160
190
80
790
180
370
80
90
80
130
70
250
90
70
470
160
130
190
120
230
70
90
240
110
90
200
240
520
150
490
220
180
210
140
100
110
909
350
190
410
190
400
630
510
1219
200
510
80
120
180
400
240
130
190
80
290
100
130
360
100
1189
430
160
120
230
250
70
120
270
90
130
110
130
240
80
180
100
70
310
70
540
100
200
130
410
360
390
90
360
130
330
190
210
520
260
100
1369
160
929
100
180
250
240
130
70
100
90
70
300
440
100
190
140
80
270
90
140
180
350
90
120
90
240
80
70
350
80
250
790
440
770
80
220
370
220
350
320
230
170
130
170
150
380
250
280
80
240
750
80
180
240
70
80
70
130
80
140
180
80
500
320
70
80
460
150
70
170
70
270
110
160
90
110
150
120
130
600
150
70
160
220
240
320
140
130
160
70
780
80
240
110
360
330
90
80
600
80
90
80
110
90
310
210
260
100
530
680
100
240
550
520
120
340
530
140
180
130
80
170
280
210
80
130
230
140
130
420
480
130
220
80
90
470
410
180
210
290
610
330
160
370
190
90
230
410
150
510
70
160
150
140
90
110
140
210
180
90
160
490
280
220
170
110
200
210
80
160
70
230
140
80
190
390
210
90
240
250
90
140
120
170
400
120
210
150
170
190
90
240
180
110
490
260
300
280
240
110
600
270
130
410
190
760
310
100
310
480
120
480
260
210
150
70
140
170
100
110
80
410
270
150
210
120
200
590
250
70
90
100
420
240
80
140
110
250
90
340
820
370
350
120
80
70
150
240
110
250
130
80
110
70
130
80
100
130
70
280
210
290
160
210
160
150
280
200
500
390
110
340
360
170
180
130
100
110
200
320
140
90
120
250
110
190
600
770
90
200
220
150
480
110
520
70
140
70
140
250
70
110
949
130
360
180
360
230
480
300
180
310
220
110
70
410
470
300
150
260
650
230
370
740
320
80
700
240
350
90
220
170
140
410
250
180
220
70
370
230
240
210
110
160
130
190
80
160
80
150
360
100
160
180
70
220
110
450
110
240
130
260
100
140
80
90
80
120
70
140
110
240
160
130
200
70
130
160
200
190
290
390
120
230
90
80
160
70
100
380
120
90
160
180
70
80
130
90
250
90
240
100
160
100
190
150
260
130
280
210
70
210
260
70
190
550
330
220
400
959
630
570
330
510
200
220
100
150
570
1099
780
80
170
160
130
180
230
250
260
90
230
2399
280
100
300
110
290
1419
430
110
80
120
80
100
170
260
90
100
140
90
260
190
240
90
140
130
160
80
180
70
380
80
180
200
100
80
90
240
700
460
230
70
100
90
130
240
70
180
1789
200
400