Event Start Trial Time [ms]	Event End Trial Time [ms]	Event Duration [ms]	Visual Intake Position X [px]	Visual Intake Position Y [px]
0	165	165	1159	183
270	510	240	1165	188
710	790	80	925	208
879	1039	160	948	301
1089	1159	70	951	368
1379	1489	110	1023	572
1499	1629	130	1026	610
1669	1789	120	1038	602
2718	2988	270	1015	273
3008	3078	70	1011	285
3138	3368	230	942	209
3558	3648	90	933	153
3818	4018	200	977	151
4038	4218	180	978	196
4237	4317	80	956	233
4357	4537	180	952	252
4687	5007	320	1029	207
5087	5187	100	1020	225
5207	5457	250	1024	237
5587	6327	740	968	191
6396	6586	190	969	271
6606	6876	270	970	261
7026	7236	210	1000	343
7256	7496	240	966	375
7536	7816	280	956	398
7835	8055	220	969	411
8205	8635	430	996	402
8655	8805	150	988	394
8825	9015	190	973	353
9035	9155	120	962	339
9285	9545	260	1016	350
9584	9664	80	1016	324
9684	9814	130	994	323
9834	9934	100	973	319
9954	10214	260	974	299
10234	10484	250	968	241
10504	10714	210	979	211
10774	11154	380	964	213
11223	11383	160	999	206
11453	11693	240	1011	212
11723	11883	160	977	261
11903	12123	220	969	279
12263	12603	340	1001	226
12623	12703	80	1003	257
12753	12983	230	1009	278
13052	13252	200	1026	303
13302	14052	750	1029	312
14142	14262	120	1021	303
14392	14562	170	989	288
14801	14931	130	950	316
15021	15201	180	920	272
15241	15551	310	947	290
15571	15901	330	972	285
15941	16181	240	962	271
16201	16451	250	965	282
16580	16800	220	1267	281
16820	16920	100	1296	304
16940	17020	80	1267	301
17170	17350	180	1051	283
17470	17830	360	965	270
17870	17990	120	970	286
18159	18409	250	1407	349
18419	18539	120	1386	340
18819	19149	330	1405	353
19239	20138	899	1033	298
20158	20238	80	1061	293
20278	20958	680	1155	322
21068	21408	340	1053	281
21607	22217	610	1043	335
22377	22817	440	1018	394
22837	23067	230	1036	366
23086	23266	180	1017	349
23356	23486	130	965	304
23506	23596	90	970	283
23636	23866	230	955	300
24036	24146	110	989	369
24186	24686	500	984	415
24815	25035	220	1070	409
25295	25495	200	1014	411
25565	26035	470	1025	430
26055	26615	560	1040	410
26634	26764	130	967	357
26794	26994	200	920	317
27034	27494	460	1008	347
27514	27754	240	969	355
27794	28584	790	919	343
28703	28773	70	976	369
28803	29233	430	1015	438
29413	29613	200	989	380
29673	29883	210	1003	369
29923	30113	190	993	343
30152	30552	400	1037	305
30782	30882	100	977	331
30962	31382	420	994	322
31402	31732	330	1000	297
31791	32501	710	952	348
32541	32701	160	1010	330
32741	33081	340	1002	277
33151	33591	440	918	259
33610	33950	340	932	284
33970	34240	270	933	271
34330	34770	440	960	270
34790	35480	690	1000	270
35639	36199	560	919	281
36219	36319	100	937	286
36359	36769	410	935	275
36789	37039	250	938	265
37058	37158	100	944	278
37318	38048	730	946	281
38098	38438	340	1007	362
38478	38668	190	922	305
38707	38867	160	916	315
38967	39217	250	929	308
39237	39397	160	931	297
39537	40167	630	933	273
40187	40417	230	942	277
40456	40636	180	993	284
40656	40736	80	982	311
40976	41276	300	961	285
41426	42086	660	934	325
42105	42755	650	936	306
42775	43405	630	916	309
43425	43875	450	947	293
44074	44644	570	942	285
44794	44874	80	954	297
44894	45704	810	942	318
45743	47072	1329	930	318
47272	47412	140	990	369
47462	49091	1629	885	324
49151	49951	800	888	325
49981	50081	100	936	357
50171	51630	1459	934	354
51670	53569	1899	930	362
53659	55258	1599	878	312
55298	56757	1459	966	398
56777	58136	1359	962	404
58176	58556	380	975	401
58706	58946	240	968	414
59065	62773	3708	968	322
62793	63153	360	957	355
63193	65182	1989	966	333
65382	65722	340	912	341
65792	66052	260	925	334
66091	66331	240	939	340
66391	66551	160	952	317
66641	67201	560	952	334
67221	67601	380	932	308
67620	68140	520	944	389
68160	68300	140	948	366
68510	68610	100	945	380
68820	68950	130	936	334
68990	69490	500	928	315
69709	70239	530	953	286
70259	70799	540	936	275
70819	71698	879	919	278
71728	71888	160	883	289
71988	73257	1269	866	304
73347	73417	70	1027	308
73497	73977	480	1026	307
74157	74307	150	993	393
74327	75226	899	1015	395
75426	75756	330	968	311
75776	75986	210	935	331
76046	76706	660	885	331
76725	77005	280	900	321
77035	77655	620	943	292
77675	77785	110	951	278
77805	78285	480	970	282
78394	78554	160	1049	274
78634	78904	270	1084	276
78924	79344	420	1088	240
79454	80104	650	1052	259
80143	80983	840	1038	275
81123	81513	390	991	285
81592	82082	490	898	343
82102	82362	260	879	351
82402	83062	660	897	315
83101	83371	270	830	332
83391	83501	110	841	346
83521	83651	130	863	350
83671	84001	330	874	349
84061	84421	360	991	332
84571	86190	1619	996	322
86240	86660	420	1011	312
86719	86889	170	1073	302
86909	87519	610	1055	313
87589	87709	120	978	370
88138	88368	230	1065	349
88388	88748	360	1080	323
88808	89158	350	1085	307
89208	89638	430	1046	312
89708	89938	230	1014	374
90077	90167	90	944	319
90187	90617	430	959	305
90637	90957	320	979	296
90967	91307	340	1002	299
91327	92606	1279	990	300
92686	92776	90	981	299
92896	93626	730	970	294
93685	93835	150	1002	281
93885	94175	290	1006	256
94195	94355	160	991	239
94375	95065	690	988	223
95204	95754	550	973	233
96054	96454	400	1000	259
97053	97273	220	934	235
97393	97693	300	962	242
97753	98273	520	943	228
98452	98962	510	1094	296
99002	99362	360	1083	309
99422	99582	160	932	267
99692	100062	370	926	280
100171	100481	310	933	325
100541	100921	380	929	412
100991	101551	560	936	383
101641	101761	120	930	368
101810	101880	70	934	316
101990	102090	100	935	314
102130	102440	310	955	238
102490	102590	100	1049	232
102750	102870	120	1092	246
102960	103050	90	1115	250
103070	103220	150	1083	244
103240	103770	530	1074	248
103819	104139	320	1089	250
104219	104979	760	1095	256
105768	105848	80	1082	280
105898	106028	130	1158	207
106068	106338	270	1151	217
106548	106848	300	1041	277
106888	107168	280	968	279
107237	107457	220	929	233
107497	107907	410	1043	211
107967	108427	460	992	212
108646	108756	110	920	362
108806	109026	220	931	258
109046	109646	600	917	240
109706	111135	1429	928	262
111205	112045	840	917	281
112084	112184	100	991	340
112224	112374	150	996	345
112454	113034	580	957	232
113144	113634	490	893	284
113724	113864	140	918	287
113913	114982	1069	1001	221
115023	115363	340	1049	237
115462	115662	200	1041	213
115702	116272	570	1043	237
116292	116882	590	1075	226
116902	117032	130	1100	217
117042	117572	530	1080	237
117651	117821	170	1100	243
117841	118121	280	1115	245
118221	118431	210	1121	244
118471	118721	250	1117	253
118890	118980	90	1167	254
119010	119110	100	1118	265
119200	119420	220	941	349
119580	119720	140	966	239
119740	120210	470	964	224
120250	121090	840	886	254
121109	121649	540	899	257
121689	122349	660	891	350
122368	122818	450	893	328
122828	123468	640	919	324
123508	123668	160	878	327
123688	123908	220	888	337
124067	124567	500	885	326
124627	125017	390	898	318
125077	125367	290	1065	415
125437	125587	150	934	285
125607	125917	310	931	274
125956	126416	460	898	374
126606	127236	630	934	272
127276	127646	370	927	342
127675	128085	410	949	298
128125	128415	290	974	295
128435	128635	200	987	295
128655	129624	969	1004	300
129674	129954	280	994	297
130024	130194	170	1003	275
130234	130534	300	1003	267
130604	130954	350	1081	234
130993	131553	560	1108	216
131653	132373	720	1066	229
132423	132633	210	1151	238
132672	132912	240	1155	210
133002	133082	80	1244	224
133162	133262	100	1186	203
133282	133532	250	1144	218
133552	133852	300	1127	215
133882	134052	170	1060	177
134122	134272	150	1062	167
134351	134601	250	1091	179
134621	134881	260	1099	191
134901	135371	470	1124	188
135401	135521	120	1168	203
135551	135991	440	1089	225
136010	136100	90	1104	224
136160	136340	180	1115	230
136500	136730	230	901	202
136860	138249	1389	924	168
138439	138649	210	912	357
138739	138869	130	914	361
139039	139549	510	920	377
139578	139768	190	890	447
139848	140008	160	883	365
140058	140438	380	915	266
140458	141088	630	894	260
141117	141397	280	934	268
141447	141767	320	901	387
141787	141907	120	883	373
142067	142387	320	875	365
142437	144356	1919	928	259
144515	144615	100	791	347
144655	144815	160	807	345
144835	145195	360	811	313
145225	145865	640	860	294
145905	146974	1069	973	267
147034	147244	210	810	310
147304	148104	800	956	270
148143	148223	80	1019	297
148243	148783	540	1023	287
148963	149313	350	962	269
149373	149563	190	1044	198
149582	150751	1169	1062	185
150932	151212	280	1062	194
151262	151432	170	801	243
151481	151841	360	820	191
151891	152191	300	926	257
152221	153140	919	979	265
153320	153590	270	858	381
153620	153950	330	912	369
154120	154620	500	940	197
154640	155170	530	969	200
155219	156628	1409	948	291
156688	157488	800	943	284
157508	157758	250	925	295
157778	157888	110	912	303
157928	158108	180	910	314
158127	158547	420	916	331
158707	158887	180	987	343
158907	159097	190	982	360
159187	159537	350	956	337
159657	159837	180	1086	427
159876	160156	280	1087	440
160226	160326	100	1018	375
160476	160586	110	958	325
160596	160686	90	945	321
160746	160986	240	974	270
161006	161096	90	987	280
161176	161616	440	980	266
161635	162255	620	972	291
162385	162555	170	959	183
162955	163355	400	972	287
163374	163464	90	995	292
163504	163584	80	1048	282
163674	163794	120	1049	285
163824	164124	300	1107	277
164194	164404	210	1096	262
164434	164534	100	1163	262
164554	164804	250	1187	266
164834	165024	190	1131	286
165073	165243	170	1054	434
165313	165453	140	1015	430
165593	165663	70	984	419
165703	165923	220	986	411
165993	166163	170	987	329
166493	166673	180	961	299
166692	166802	110	955	272
166822	167182	360	941	250
167222	167432	210	930	250
167562	168072	510	891	256
168092	168202	110	921	248
168222	168562	340	949	240
168571	168731	160	991	240
168861	169051	190	1054	238
169091	169171	80	952	245
169191	169981	790	941	237
170210	170390	180	943	290
170490	170860	370	883	267
171470	171550	80	902	266
172179	172269	90	919	458
172289	172369	80	913	474
172389	172519	130	924	486
172539	172609	70	929	503
172719	172969	250	938	527
173139	173229	90	927	440
173359	173429	70	918	281
173438	173908	470	923	195
173928	174088	160	940	227
174108	174238	130	928	262
174258	174448	190	894	318
174688	174808	120	881	403
174828	175058	230	871	388
175078	175148	70	881	407
175507	175597	90	998	346
175777	176017	240	901	317
176037	176147	110	908	287
176187	176277	90	921	282
176527	176727	200	754	477
176747	176987	240	835	443
177046	177566	520	910	449
177586	177736	150	917	440
177766	178256	490	954	475
178276	178496	220	937	494
178526	178706	180	966	494
178725	178935	210	951	487
179475	179615	140	902	246
179685	179785	100	890	275
179805	179915	110	872	282
179935	180844	909	894	324
180904	181254	350	902	346
181284	181474	190	947	352
181494	181904	410	928	362
181924	182114	190	909	357
182203	182603	400	892	363
182763	183393	630	905	365
183473	183983	510	914	378
184142	185361	1219	919	377
185401	185601	200	898	362
185691	186201	510	881	279
186721	186801	80	969	202
186821	186941	120	940	208
186961	187141	180	914	215
187380	187780	400	740	452
187820	188060	240	790	439
188210	188340	130	882	428
188360	188550	190	895	433
188650	188730	80	1261	131
189169	189459	290	945	226
189889	189989	100	863	332
190009	190139	130	880	324
190189	190549	360	839	365
190568	190668	100	846	398
190688	191877	1189	846	403
192008	192438	430	880	404
192457	192617	160	887	431
192727	192847	120	922	475
192927	193157	230	912	488
193237	193487	250	973	499
193617	193687	70	932	473
193727	193847	120	920	472
193886	194156	270	870	443
194176	194266	90	878	468
194286	194416	130	895	474
194596	194706	110	905	505
194726	194856	130	911	539
195296	195536	240	887	187
195556	195636	80	909	178
195725	195905	180	900	170
196605	196705	100	869	61
196765	196835	70	891	147
196855	197165	310	879	135
197175	197245	70	944	158
197524	198064	540	986	214
198524	198624	100	952	194
198974	199174	200	932	237
199453	199583	130	873	296
199603	200013	410	876	311
200133	200493	360	877	307
200752	201142	390	951	331
202551	202641	90	903	308
202661	203021	360	916	271
203051	203181	130	933	220
203281	203611	330	928	133
203641	203831	190	865	157
203881	204091	210	953	278
204131	204651	520	898	254
204670	204930	260	924	257
205090	205190	100	894	323
205210	206579	1369	915	334
206649	206809	160	901	248
207319	208248	929	838	279
208268	208368	100	921	239
208408	208588	180	949	231
208858	209108	250	734	405
209247	209487	240	775	342
209507	209637	130	800	341
209707	209777	70	815	357
209817	209917	100	911	378
209967	210057	90	897	404
210247	210317	70	828	417
210337	210637	300	844	412
211456	211896	440	928	412
211996	212096	100	918	465
212456	212646	190	775	287
212685	212825	140	750	262
212875	212955	80	763	201
213135	213405	270	939	315
213415	213505	90	938	335
213525	213665	140	909	310
213825	214005	180	850	303
214135	214485	350	939	281
214504	214594	90	950	275
214864	214984	120	811	332
215194	215284	90	954	311
215474	215714	240	976	326
215754	215834	80	971	306
215884	215954	70	800	245
216053	216403	350	820	251
216533	216613	80	979	328
216703	216953	250	944	328
217023	217813	790	902	337
217992	218432	440	873	332
218592	219362	770	882	363
220061	220141	80	894	231
220161	220381	220	857	200
220421	220791	370	883	227
220881	221101	220	962	254
222060	222410	350	929	277
222540	222860	320	853	271
222969	223199	230	1022	377
223219	223389	170	1004	377
223409	223539	130	989	385
224529	224699	170	849	240
224758	224908	150	889	237
224958	225338	380	971	289
225358	225608	250	977	391
225938	226218	280	933	393
226257	226337	80	937	375
226377	226617	240	1019	404
226657	227407	750	956	387
227487	227567	80	935	413
227677	227857	180	900	258
227937	228177	240	899	375
228386	228456	70	908	166
228706	228786	80	895	396
229875	229945	70	993	313
230175	230305	130	977	138
230535	230615	80	960	158
230625	230765	140	959	221
230925	231105	180	961	229
231344	231424	80	1003	195
231474	231974	500	1014	213
232024	232344	320	1048	221
232404	232474	70	1058	449
232484	232564	80	1060	415
232744	233204	460	1032	389
233453	233603	150	1042	155
233703	233773	70	1020	154
234083	234253	170	997	460
234313	234383	70	990	472
234882	235152	270	1015	121
235502	235612	110	971	514
235662	235822	160	964	354
235842	235932	90	970	366
235992	236102	110	981	394
236412	236562	150	997	461
236671	236791	120	950	441
236811	236941	130	961	457
236961	237561	600	966	476
237671	237821	150	1001	488
238340	238410	70	994	377
238470	238630	160	1013	374
238670	238890	220	1013	359
238910	239150	240	1015	342
239230	239550	320	952	313
239560	239700	140	942	309
239949	240079	130	1186	307
240119	240279	160	1118	368
240749	240819	70	877	528
241708	242488	780	976	405
242558	242638	80	943	362
242658	242898	240	928	361
242938	243048	110	934	347
243088	243448	360	948	328
243557	243887	330	951	315
243947	244037	90	916	307
244077	244157	80	848	298
244227	244827	600	984	299
245286	245366	80	1127	678
246246	246336	90	942	323
246376	246456	80	995	316
246536	246646	110	957	292
246905	246995	90	883	372
247125	247435	310	876	394
247525	247735	210	918	406
247755	248015	260	913	389
248345	248445	100	827	374
248474	249004	530	856	349
249024	249704	680	847	339
249724	249824	100	855	325
249844	250084	240	849	304
250103	250653	550	862	299
250673	251193	520	867	311
251253	251373	120	829	323
251443	251783	340	846	242
251952	252482	530	837	277
252542	252682	140	846	334
252702	252882	180	851	354
252922	253052	130	853	376
253082	253162	80	793	395
253282	253452	170	849	391
253471	253751	280	888	421
253941	254151	210	858	441
254221	254301	80	868	427
254511	254641	130	806	307
254691	254921	230	881	303
254941	255081	140	893	317
255121	255251	130	876	323
255780	256200	420	868	304
256340	256820	480	887	325
256840	256970	130	880	318
257049	257269	220	890	235
257289	257369	80	903	226
257579	257669	90	754	265
257749	258219	470	886	291
258269	258679	410	891	303
258738	258918	180	910	314
258988	259198	210	948	339
259218	259508	290	908	335
259528	260138	610	899	322
260228	260558	330	910	323
260677	260837	160	882	348
260987	261357	370	920	312
261377	261567	190	916	349
261777	261867	90	910	261
261887	262117	230	923	241
262176	262586	410	925	261
262606	262756	150	924	232
262776	263286	510	939	239
263326	263396	70	873	225
263506	263666	160	853	246
263755	263905	150	917	360
264035	264175	140	931	379
264465	264555	90	978	145
264575	264685	110	971	157
264705	264845	140	961	169
264875	265085	210	964	88
265095	265275	180	966	150
265584	265674	90	972	262
265814	265974	160	796	426
266004	266494	490	772	322
266584	266864	280	894	383
266894	267114	220	898	495
267843	268013	170	955	270
268193	268303	110	903	270
268693	268893	200	937	362
268972	269182	210	928	391
269502	269582	80	948	382
269652	269812	160	902	294
270132	270202	70	939	517
270222	270452	230	918	444
270482	270622	140	911	568
271461	271541	80	1008	231
271571	271761	190	1003	288
271781	272171	390	1026	315
272540	272750	210	958	274
273150	273240	90	1029	357
273360	273600	240	1083	309
273770	274020	250	1022	319
274189	274279	90	948	397
274369	274509	140	919	444
274529	274649	120	962	435
274679	274849	170	1022	437
274869	275269	400	985	445
275569	275689	120	947	382
275738	275948	210	925	292
276038	276188	150	993	209
276288	276458	170	1065	179
276738	276928	190	927	577
276998	277088	90	922	595
277547	277787	240	892	245
277877	278057	180	919	258
278077	278187	110	934	267
278227	278717	490	949	290
278777	279037	260	938	278
279056	279356	300	895	234
279376	279656	280	915	177
279756	279996	240	945	199
280036	280146	110	974	203
280166	280766	600	1003	221
281455	281725	270	858	257
281775	281905	130	993	302
281995	282405	410	968	332
282474	282664	190	947	247
282974	283734	760	925	256
283774	284084	310	922	278
284223	284323	100	1029	338
284513	284823	310	903	362
285233	285713	480	1000	213
285753	285873	120	956	223
285892	286372	480	960	208
286452	286712	260	989	192
286772	286982	210	983	175
287422	287572	150	914	164
287591	287661	70	908	207
287741	287881	140	919	199
288271	288441	170	855	364
288761	288861	100	913	267
289011	289121	110	999	238
289150	289230	80	991	292
289260	289670	410	943	235
289710	289980	270	911	244
290020	290170	150	792	266
290320	290530	210	866	379
290690	290810	120	796	394
290969	291169	200	909	382
291199	291789	590	918	339
291829	292079	250	934	336
292099	292169	70	914	345
292209	292299	90	896	341
292319	292419	100	918	328
292439	292859	420	887	336
292918	293158	240	886	319
293178	293258	80	907	314
293278	293418	140	896	320
293608	293718	110	905	332
293738	293988	250	921	322
294028	294118	90	944	318
294138	294478	340	948	330
294617	295437	820	949	345
295487	295857	370	914	364
296726	297076	350	1018	328
297096	297216	120	985	327
297376	297456	80	1002	389
297825	297895	70	936	464
297985	298135	150	983	484
298735	298975	240	990	494
298995	299105	110	1012	515
299404	299654	250	1062	547
299674	299804	130	1055	548
300444	300524	80	898	451
300724	300834	110	848	399
300934	301004	70	862	488
301014	301144	130	879	508
301273	301353	80	828	471
301423	301523	100	926	530
301693	301823	130	980	633
302243	302313	70	927	304
302373	302653	280	943	318
303112	303322	210	905	435
303342	303632	290	910	414
303842	304002	160	954	455
304042	304252	210	949	486
304392	304552	160	958	498
305521	305671	150	939	185
305691	305971	280	929	170
306300	306500	200	915	374
306520	307020	500	920	384
307080	307470	390	923	425
307520	307630	110	924	447
307859	308199	340	930	204
308219	308579	360	980	248
308959	309129	170	997	608
309209	309389	180	965	556
309459	309589	130	930	556
309648	309748	100	860	486
310278	310388	110	895	457
310468	310668	200	904	434
310688	311008	320	910	420
311038	311178	140	891	445
311907	311997	90	882	457
312087	312207	120	883	487
312217	312467	250	900	468
312787	312897	110	914	460
313076	313266	190	901	446
313286	313886	600	899	430
313986	314756	770	895	424
314775	314865	90	917	446
314955	315155	200	953	413
315205	315425	220	958	426
315475	315625	150	850	394
315875	316355	480	904	410
316374	316484	110	936	415
316544	317064	520	928	404
317304	317374	70	874	293
317424	317564	140	850	272
317824	317894	70	873	275
317944	318084	140	880	394
318123	318373	250	865	399
318493	318563	70	872	292
318593	318703	110	860	235
318773	319722	949	855	261
319742	319872	130	855	272
319892	320252	360	860	285
320322	320502	180	913	364
320542	320902	360	842	323
321072	321302	230	854	303
321312	321792	480	876	313
321811	322111	300	848	309
322141	322321	180	890	330
322391	322701	310	874	350
322891	323111	220	819	320
323150	323260	110	904	339
323370	323440	70	892	322
323480	323890	410	900	330
324190	324660	470	911	330
324899	325199	300	919	325
325229	325379	150	880	321
325439	325699	260	949	339
325739	326389	650	851	339
326419	326649	230	934	359
326878	327248	370	964	362
327268	328008	740	934	362
328028	328348	320	954	380
328487	328567	80	973	353
328607	329307	700	990	353
329327	329567	240	995	364
329587	329937	350	993	375
330046	330136	90	801	388
330186	330406	220	954	401
330426	330596	170	956	383
330636	330776	140	889	387
330926	331336	410	972	435
331466	331716	250	913	454
331735	331915	180	943	445
331975	332195	220	945	393
332235	332305	70	903	376
332595	332965	370	888	354
333125	333355	230	901	369
333394	333634	240	911	374
333814	334024	210	887	381
334044	334154	110	893	397
334204	334364	160	932	488
334454	334584	130	929	455
334684	334874	190	906	351
334924	335004	80	820	356
335023	335183	160	820	386
335433	335513	80	1001	317
335633	335783	150	954	127
335833	336193	360	965	206
336393	336493	100	998	160
336762	336922	160	956	259
337372	337552	180	927	333
337622	337692	70	957	350
337752	337972	220	1020	185
338052	338162	110	935	326
338272	338722	450	950	329
338801	338911	110	957	129
339671	339911	240	1026	9
339961	340091	130	1001	171
340490	340750	260	1027	51
340770	340870	100	1037	37
340910	341050	140	1028	80
341290	341370	80	921	473
341390	341480	90	924	446
341660	341740	80	942	306
342169	342289	120	864	234
342359	342429	70	796	354
342439	342579	140	843	379
342949	343059	110	1010	198
343109	343349	240	992	276
343409	343569	160	966	188
343708	343838	130	1091	84
343938	344138	200	1065	45
344208	344278	70	1082	40
344328	344458	130	1023	156
344478	344638	160	1038	149
344668	344868	200	985	199
344898	345088	190	993	243
345138	345428	290	957	480
345527	345917	390	924	546
346637	346757	120	875	428
346807	347037	230	902	447
347056	347146	90	921	457
347636	347716	80	1037	107
347736	347896	160	1019	127
348046	348116	70	1046	115
348136	348236	100	1035	116
348296	348676	380	1246	194
348735	348855	120	1255	185
348875	348965	90	1266	178
349035	349195	160	1074	218
349295	349475	180	946	453
349515	349585	70	887	554
349625	349705	80	905	536
349795	349925	130	961	439
349965	350055	90	970	414
350304	350554	250	946	447
350614	350704	90	944	289
350894	351134	240	1109	133
351154	351254	100	1074	129
351824	351984	160	951	361
352253	352353	100	989	50
352393	352583	190	973	111
352633	352783	150	939	260
352803	353063	260	936	237
353093	353223	130	927	312
353243	353523	280	917	299
353672	353882	210	932	226
353982	354052	70	946	19
354072	354282	210	954	53
354412	354672	260	957	282
354772	354842	70	962	254
354882	355072	190	966	186
355122	355672	550	1007	80
355711	356041	330	984	148
356081	356301	220	1015	92
356311	356711	400	988	79
356811	357770	959	986	18
357860	358490	630	977	20
358510	359080	570	996	63
359109	359439	330	966	92
359459	359969	510	986	66
360009	360209	200	986	79
360229	360449	220	983	117
360578	360678	100	936	379
360798	360948	150	921	458
361028	361598	570	919	457
361618	362717	1099	939	445
362757	363537	780	966	387
363567	363647	80	941	454
363707	363877	170	950	479
363936	364096	160	958	505
364256	364386	130	966	407
364546	364726	180	958	508
365236	365466	230	966	397
365805	366055	250	976	393
366075	366335	260	983	373
366355	366445	90	979	389
366485	366715	230	968	395
366755	369154	2399	981	408
369183	369463	280	934	396
369793	369893	100	929	89
369923	370223	300	945	116
370243	370353	110	955	157
370403	370693	290	940	266
370752	372171	1419	975	149
372202	372632	430	967	136
373141	373251	110	929	466
373341	373421	80	922	383
373441	373561	120	930	370
373611	373691	80	931	282
373711	373811	100	961	295
374020	374190	170	1007	395
374290	374550	260	1002	378
374610	374700	90	989	350
374720	374820	100	995	365
374960	375100	140	987	420
375160	375250	90	896	320
375430	375690	260	870	191
375729	375919	190	875	158
375959	376199	240	887	166
376219	376309	90	885	152
376719	376859	140	917	388
376909	377039	130	1010	389
377149	377309	160	1042	373
377388	377468	80	1048	378
377558	377738	180	989	377
377788	377858	70	901	290
377948	378328	380	907	297
378408	378488	80	802	173
378528	378708	180	825	191
378788	378988	200	858	209
379008	379108	100	865	229
379267	379347	80	991	456
379777	379867	90	960	506
380047	380287	240	888	485
380477	381177	700	939	477
381186	381646	460	959	441
381986	382216	230	880	271
382256	382326	70	967	265
382665	382765	100	909	247
383755	383845	90	1126	423
384115	384245	130	1126	469
384384	384624	240	1011	372
384664	384734	70	991	312
384844	385024	180	1010	234
385044	386833	1789	1061	134
386893	387093	200	897	33
387123	387523	400	832	71