0
270
710
879
1089
1379
1499
1669
2718
3008
3138
3558
3818
4038
4237
4357
4687
5087
5207
5587
6396
6606
7026
7256
7536
7835
8205
8655
8825
9035
9285
9584
9684
9834
9954
10234
10504
10774
11223
11453
11723
11903
12263
12623
12753
13052
13302
14142
14392
14801
15021
15241
15571
15941
16201
16580
16820
16940
17170
17470
17870
18159
18419
18819
19239
20158
20278
21068
21607
22377
22837
23086
23356
23506
23636
24036
24186
24815
25295
25565
26055
26634
26794
27034
27514
27794
28703
28803
29413
29673
29923
30152
30782
30962
31402
31791
32541
32741
33151
33610
33970
34330
34790
35639
36219
36359
36789
37058
37318
38098
38478
38707
38967
39237
39537
40187
40456
40656
40976
41426
42105
42775
43425
44074
44794
44894
45743
47272
47462
49151
49981
50171
51670
53659
55298
56777
58176
58706
59065
62793
63193
65382
65792
66091
66391
66641
67221
67620
68160
68510
68820
68990
69709
70259
70819
71728
71988
73347
73497
74157
74327
75426
75776
76046
76725
77035
77675
77805
78394
78634
78924
79454
80143
81123
81592
82102
82402
83101
83391
83521
83671
84061
84571
86240
86719
86909
87589
88138
88388
88808
89208
89708
90077
90187
90637
90967
91327
92686
92896
93685
93885
94195
94375
95204
96054
97053
97393
97753
98452
99002
99422
99692
100171
100541
100991
101641
101810
101990
102130
102490
102750
102960
103070
103240
103819
104219
105768
105898
106068
106548
106888
107237
107497
107967
108646
108806
109046
109706
111205
112084
112224
112454
113144
113724
113913
115023
115462
115702
116292
116902
117042
117651
117841
118221
118471
118890
119010
119200
119580
119740
120250
121109
121689
122368
122828
123508
123688
124067
124627
125077
125437
125607
125956
126606
127276
127675
128125
128435
128655
129674
130024
130234
130604
130993
131653
132423
132672
133002
133162
133282
133552
133882
134122
134351
134621
134901
135401
135551
136010
136160
136500
136860
138439
138739
139039
139578
139848
140058
140458
141117
141447
141787
142067
142437
144515
144655
144835
145225
145905
147034
147304
148143
148243
148963
149373
149582
150932
151262
151481
151891
152221
153320
153620
154120
154640
155219
156688
157508
157778
157928
158127
158707
158907
159187
159657
159876
160226
160476
160596
160746
161006
161176
161635
162385
162955
163374
163504
163674
163824
164194
164434
164554
164834
165073
165313
165593
165703
165993
166493
166692
166822
167222
167562
168092
168222
168571
168861
169091
169191
170210
170490
171470
172179
172289
172389
172539
172719
173139
173359
173438
173928
174108
174258
174688
174828
175078
175507
175777
176037
176187
176527
176747
177046
177586
177766
178276
178526
178725
179475
179685
179805
179935
180904
181284
181494
181924
182203
182763
183473
184142
185401
185691
186721
186821
186961
187380
187820
188210
188360
188650
189169
189889
190009
190189
190568
190688
192008
192457
192727
192927
193237
193617
193727
193886
194176
194286
194596
194726
195296
195556
195725
196605
196765
196855
197175
197524
198524
198974
199453
199603
200133
200752
202551
202661
203051
203281
203641
203881
204131
204670
205090
205210
206649
207319
208268
208408
208858
209247
209507
209707
209817
209967
210247
210337
211456
211996
212456
212685
212875
213135
213415
213525
213825
214135
214504
214864
215194
215474
215754
215884
216053
216533
216703
217023
217992
218592
220061
220161
220421
220881
222060
222540
222969
223219
223409
224529
224758
224958
225358
225938
226257
226377
226657
227487
227677
227937
228386
228706
229875
230175
230535
230625
230925
231344
231474
232024
232404
232484
232744
233453
233703
234083
234313
234882
235502
235662
235842
235992
236412
236671
236811
236961
237671
238340
238470
238670
238910
239230
239560
239949
240119
240749
241708
242558
242658
242938
243088
243557
243947
244077
244227
245286
246246
246376
246536
246905
247125
247525
247755
248345
248474
249024
249724
249844
250103
250673
251253
251443
251952
252542
252702
252922
253082
253282
253471
253941
254221
254511
254691
254941
255121
255780
256340
256840
257049
257289
257579
257749
258269
258738
258988
259218
259528
260228
260677
260987
261377
261777
261887
262176
262606
262776
263326
263506
263755
264035
264465
264575
264705
264875
265095
265584
265814
266004
266584
266894
267843
268193
268693
268972
269502
269652
270132
270222
270482
271461
271571
271781
272540
273150
273360
273770
274189
274369
274529
274679
274869
275569
275738
276038
276288
276738
276998
277547
277877
278077
278227
278777
279056
279376
279756
280036
280166
281455
281775
281995
282474
282974
283774
284223
284513
285233
285753
285892
286452
286772
287422
287591
287741
288271
288761
289011
289150
289260
289710
290020
290320
290690
290969
291199
291829
292099
292209
292319
292439
292918
293178
293278
293608
293738
294028
294138
294617
295487
296726
297096
297376
297825
297985
298735
298995
299404
299674
300444
300724
300934
301014
301273
301423
301693
302243
302373
303112
303342
303842
304042
304392
305521
305691
306300
306520
307080
307520
307859
308219
308959
309209
309459
309648
310278
310468
310688
311038
311907
312087
312217
312787
313076
313286
313986
314775
314955
315205
315475
315875
316374
316544
317304
317424
317824
317944
318123
318493
318593
318773
319742
319892
320322
320542
321072
321312
321811
322141
322391
322891
323150
323370
323480
324190
324899
325229
325439
325739
326419
326878
327268
328028
328487
328607
329327
329587
330046
330186
330426
330636
330926
331466
331735
331975
332235
332595
333125
333394
333814
334044
334204
334454
334684
334924
335023
335433
335633
335833
336393
336762
337372
337622
337752
338052
338272
338801
339671
339961
340490
340770
340910
341290
341390
341660
342169
342359
342439
342949
343109
343409
343708
343938
344208
344328
344478
344668
344898
345138
345527
346637
346807
347056
347636
347736
348046
348136
348296
348735
348875
349035
349295
349515
349625
349795
349965
350304
350614
350894
351154
351824
352253
352393
352633
352803
353093
353243
353672
353982
354072
354412
354772
354882
355122
355711
356081
356311
356811
357860
358510
359109
359459
360009
360229
360578
360798
361028
361618
362757
363567
363707
363936
364256
364546
365236
365805
366075
366355
366485
366755
369183
369793
369923
370243
370403
370752
372202
373141
373341
373441
373611
373711
374020
374290
374610
374720
374960
375160
375430
375729
375959
376219
376719
376909
377149
377388
377558
377788
377948
378408
378528
378788
379008
379267
379777
380047
380477
381186
381986
382256
382665
383755
384115
384384
384664
384844
385044
386893
387123