1159
1165
925
948
951
1023
1026
1038
1015
1011
942
933
977
978
956
952
1029
1020
1024
968
969
970
1000
966
956
969
996
988
973
962
1016
1016
994
973
974
968
979
964
999
1011
977
969
1001
1003
1009
1026
1029
1021
989
950
920
947
972
962
965
1267
1296
1267
1051
965
970
1407
1386
1405
1033
1061
1155
1053
1043
1018
1036
1017
965
970
955
989
984
1070
1014
1025
1040
967
920
1008
969
919
976
1015
989
1003
993
1037
977
994
1000
952
1010
1002
918
932
933
960
1000
919
937
935
938
944
946
1007
922
916
929
931
933
942
993
982
961
934
936
916
947
942
954
942
930
990
885
888
936
934
930
878
966
962
975
968
968
957
966
912
925
939
952
952
932
944
948
945
936
928
953
936
919
883
866
1027
1026
993
1015
968
935
885
900
943
951
970
1049
1084
1088
1052
1038
991
898
879
897
830
841
863
874
991
996
1011
1073
1055
978
1065
1080
1085
1046
1014
944
959
979
1002
990
981
970
1002
1006
991
988
973
1000
934
962
943
1094
1083
932
926
933
929
936
930
934
935
955
1049
1092
1115
1083
1074
1089
1095
1082
1158
1151
1041
968
929
1043
992
920
931
917
928
917
991
996
957
893
918
1001
1049
1041
1043
1075
1100
1080
1100
1115
1121
1117
1167
1118
941
966
964
886
899
891
893
919
878
888
885
898
1065
934
931
898
934
927
949
974
987
1004
994
1003
1003
1081
1108
1066
1151
1155
1244
1186
1144
1127
1060
1062
1091
1099
1124
1168
1089
1104
1115
901
924
912
914
920
890
883
915
894
934
901
883
875
928
791
807
811
860
973
810
956
1019
1023
962
1044
1062
1062
801
820
926
979
858
912
940
969
948
943
925
912
910
916
987
982
956
1086
1087
1018
958
945
974
987
980
972
959
972
995
1048
1049
1107
1096
1163
1187
1131
1054
1015
984
986
987
961
955
941
930
891
921
949
991
1054
952
941
943
883
902
919
913
924
929
938
927
918
923
940
928
894
881
871
881
998
901
908
921
754
835
910
917
954
937
966
951
902
890
872
894
902
947
928
909
892
905
914
919
898
881
969
940
914
740
790
882
895
1261
945
863
880
839
846
846
880
887
922
912
973
932
920
870
878
895
905
911
887
909
900
869
891
879
944
986
952
932
873
876
877
951
903
916
933
928
865
953
898
924
894
915
901
838
921
949
734
775
800
815
911
897
828
844
928
918
775
750
763
939
938
909
850
939
950
811
954
976
971
800
820
979
944
902
873
882
894
857
883
962
929
853
1022
1004
989
849
889
971
977
933
937
1019
956
935
900
899
908
895
993
977
960
959
961
1003
1014
1048
1058
1060
1032
1042
1020
997
990
1015
971
964
970
981
997
950
961
966
1001
994
1013
1013
1015
952
942
1186
1118
877
976
943
928
934
948
951
916
848
984
1127
942
995
957
883
876
918
913
827
856
847
855
849
862
867
829
846
837
846
851
853
793
849
888
858
868
806
881
893
876
868
887
880
890
903
754
886
891
910
948
908
899
910
882
920
916
910
923
925
924
939
873
853
917
931
978
971
961
964
966
972
796
772
894
898
955
903
937
928
948
902
939
918
911
1008
1003
1026
958
1029
1083
1022
948
919
962
1022
985
947
925
993
1065
927
922
892
919
934
949
938
895
915
945
974
1003
858
993
968
947
925
922
1029
903
1000
956
960
989
983
914
908
919
855
913
999
991
943
911
792
866
796
909
918
934
914
896
918
887
886
907
896
905
921
944
948
949
914
1018
985
1002
936
983
990
1012
1062
1055
898
848
862
879
828
926
980
927
943
905
910
954
949
958
939
929
915
920
923
924
930
980
997
965
930
860
895
904
910
891
882
883
900
914
901
899
895
917
953
958
850
904
936
928
874
850
873
880
865
872
860
855
855
860
913
842
854
876
848
890
874
819
904
892
900
911
919
880
949
851
934
964
934
954
973
990
995
993
801
954
956
889
972
913
943
945
903
888
901
911
887
893
932
929
906
820
820
1001
954
965
998
956
927
957
1020
935
950
957
1026
1001
1027
1037
1028
921
924
942
864
796
843
1010
992
966
1091
1065
1082
1023
1038
985
993
957
924
875
902
921
1037
1019
1046
1035
1246
1255
1266
1074
946
887
905
961
970
946
944
1109
1074
951
989
973
939
936
927
917
932
946
954
957
962
966
1007
984
1015
988
986
977
996
966
986
986
983
936
921
919
939
966
941
950
958
966
958
966
976
983
979
968
981
934
929
945
955
940
975
967
929
922
930
931
961
1007
1002
989
995
987
896
870
875
887
885
917
1010
1042
1048
989
901
907
802
825
858
865
991
960
888
939
959
880
967
909
1126
1126
1011
991
1010
1061
897
832