183							
188							
208							
301							
368							
572							
610							
602							
273							
285							
209							
153							
151							
196							
233							
252							
207							
225							
237							
191							
271							
261							
343							
375							
398							
411							
402							
394							
353							
339							
350							
324							
323							
319							
299							
241							
211							
213							
206							
212							
261							
279							
226							
257							
278							
303							
312							
303							
288							
316							
272							
290							
285							
271							
282							
281							
304							
301							
283							
270							
286							
349							
340							
353							
298							
293							
322							
281							
335							
394							
366							
349							
304							
283							
300							
369							
415							
409							
411							
430							
410							
357							
317							
347							
355							
343							
369							
438							
380							
369							
343							
305							
331							
322							
297							
348							
330							
277							
259							
284							
271							
270							
270							
281							
286							
275							
265							
278							
281							
362							
305							
315							
308							
297							
273							
277							
284							
311							
285							
325							
306							
309							
293							
285							
297							
318							
318							
369							
324							
325							
357							
354							
362							
312							
398							
404							
401							
414							
322							
355							
333							
341							
334							
340							
317							
334							
308							
389							
366							
380							
334							
315							
286							
275							
278							
289							
304							
308							
307							
393							
395							
311							
331							
331							
321							
292							
278							
282							
274							
276							
240							
259							
275							
285							
343							
351							
315							
332							
346							
350							
349							
332							
322							
312							
302							
313							
370							
349							
323							
307							
312							
374							
319							
305							
296							
299							
300							
299							
294							
281							
256							
239							
223							
233							
259							
235							
242							
228							
296							
309							
267							
280							
325							
412							
383							
368							
316							
314							
238							
232							
246							
250							
244							
248							
250							
256							
280							
207							
217							
277							
279							
233							
211							
212							
362							
258							
240							
262							
281							
340							
345							
232							
284							
287							
221							
237							
213							
237							
226							
217							
237							
243							
245							
244							
253							
254							
265							
349							
239							
224							
254							
257							
350							
328							
324							
327							
337							
326							
318							
415							
285							
274							
374							
272							
342							
298							
295							
295							
300							
297							
275							
267							
234							
216							
229							
238							
210							
224							
203							
218							
215							
177							
167							
179							
191							
188							
203							
225							
224							
230							
202							
168							
357							
361							
377							
447							
365							
266							
260							
268							
387							
373							
365							
259							
347							
345							
313							
294							
267							
310							
270							
297							
287							
269							
198							
185							
194							
243							
191							
257							
265							
381							
369							
197							
200							
291							
284							
295							
303							
314							
331							
343							
360							
337							
427							
440							
375							
325							
321							
270							
280							
266							
291							
183							
287							
292							
282							
285							
277							
262							
262							
266							
286							
434							
430							
419							
411							
329							
299							
272							
250							
250							
256							
248							
240							
240							
238							
245							
237							
290							
267							
266							
458							
474							
486							
503							
527							
440							
281							
195							
227							
262							
318							
403							
388							
407							
346							
317							
287							
282							
477							
443							
449							
440							
475							
494							
494							
487							
246							
275							
282							
324							
346							
352							
362							
357							
363							
365							
378							
377							
362							
279							
202							
208							
215							
452							
439							
428							
433							
131							
226							
332							
324							
365							
398							
403							
404							
431							
475							
488							
499							
473							
472							
443							
468							
474							
505							
539							
187							
178							
170							
61							
147							
135							
158							
214							
194							
237							
296							
311							
307							
331							
308							
271							
220							
133							
157							
278							
254							
257							
323							
334							
248							
279							
239							
231							
405							
342							
341							
357							
378							
404							
417							
412							
412							
465							
287							
262							
201							
315							
335							
310							
303							
281							
275							
332							
311							
326							
306							
245							
251							
328							
328							
337							
332							
363							
231							
200							
227							
254							
277							
271							
377							
377							
385							
240							
237							
289							
391							
393							
375							
404							
387							
413							
258							
375							
166							
396							
313							
138							
158							
221							
229							
195							
213							
221							
449							
415							
389							
155							
154							
460							
472							
121							
514							
354							
366							
394							
461							
441							
457							
476							
488							
377							
374							
359							
342							
313							
309							
307							
368							
528							
405							
362							
361							
347							
328							
315							
307							
298							
299							
678							
323							
316							
292							
372							
394							
406							
389							
374							
349							
339							
325							
304							
299							
311							
323							
242							
277							
334							
354							
376							
395							
391							
421							
441							
427							
307							
303							
317							
323							
304							
325							
318							
235							
226							
265							
291							
303							
314							
339							
335							
322							
323							
348							
312							
349							
261							
241							
261							
232							
239							
225							
246							
360							
379							
145							
157							
169							
88							
150							
262							
426							
322							
383							
495							
270							
270							
362							
391							
382							
294							
517							
444							
568							
231							
288							
315							
274							
357							
309							
319							
397							
444							
435							
437							
445							
382							
292							
209							
179							
577							
595							
245							
258							
267							
290							
278							
234							
177							
199							
203							
221							
257							
302							
332							
247							
256							
278							
338							
362							
213							
223							
208							
192							
175							
164							
207							
199							
364							
267							
238							
292							
235							
244							
266							
379							
394							
382							
339							
336							
345							
341							
328							
336							
319							
314							
320							
332							
322							
318							
330							
345							
364							
328							
327							
389							
464							
484							
494							
515							
547							
548							
451							
399							
488							
508							
471							
530							
633							
304							
318							
435							
414							
455							
486							
498							
185							
170							
374							
384							
425							
447							
204							
248							
608							
556							
556							
486							
457							
434							
420							
445							
457							
487							
468							
460							
446							
430							
424							
446							
413							
426							
394							
410							
415							
404							
293							
272							
275							
394							
399							
292							
235							
261							
272							
285							
364							
323							
303							
313							
309							
330							
350							
320							
339							
322							
330							
330							
325							
321							
339							
339							
359							
362							
362							
380							
353							
353							
364							
375							
388							
401							
383							
387							
435							
454							
445							
393							
376							
354							
369							
374							
381							
397							
488							
455							
351							
356							
386							
317							
127							
206							
160							
259							
333							
350							
185							
326							
329							
129							
9							
171							
51							
37							
80							
473							
446							
306							
234							
354							
379							
198							
276							
188							
84							
45							
40							
156							
149							
199							
243							
480							
546							
428							
447							
457							
107							
127							
115							
116							
194							
185							
178							
218							
453							
554							
536							
439							
414							
447							
289							
133							
129							
361							
50							
111							
260							
237							
312							
299							
226							
19							
53							
282							
254							
186							
80							
148							
92							
79							
18							
20							
63							
92							
66							
79							
117							
379							
458							
457							
445							
387							
454							
479							
505							
407							
508							
397							
393							
373							
389							
395							
408							
396							
89							
116							
157							
266							
149							
136							
466							
383							
370							
282							
295							
395							
378							
350							
365							
420							
320							
191							
158							
166							
152							
388							
389							
373							
378							
377							
290							
297							
173							
191							
209							
229							
456							
506							
485							
477							
441							
271							
265							
247							
423							
469							
372							
312							
234							
134							
33							
71							